w : 0;202,16;341,6;-222,675
w : 1;194,08;341,63;-224,485
w : 2;191,423;341,71;-226,436
w : 3;189,54;341,639;-230,965
w : 4;198,72;341,76;-268,735
w : 5;108,27;341,6;-244,575
w : 6;191,117;341,7;-223,553
w : 7;189,199;341,711;-214,836
w : 8;178,99;341,685;-168,524
w : 11;171,87;342,702;-136,015
w : 12;169,618;342,954;-123,075
w : 13;171,87;342,954;-121,565
w : 14;173,476;342,954;-118,556
w : 15;173,62;342,852;-115,495
w : 16;174,33;342,954;-113,895
w : 17;176,8;342,954;-112,125
w : 18;187,79;342,65;-107,185
w : 19;229,64;341,6;-98,66499
w : 20;242,81;342,058;-96,795
w : 21;246,7;342,241;-97,20499
w : 22;249,79;342,335;-98,75499
w : 23;252;342,335;-101,425
w : 24;254,31;342,298;-105,165
w : 25;256,4;342,194;-110,785
w : 26;257,13;342,169;-113,625
w : 27;258,48;342,106;-116,425
w : 28;260,81;342,134;-118,135
w : 29;277,21;341,91;-124,045
w : 30;256,294;342,169;-115,959
w : 31;253,179;342,229;-118,578
w : 32;248,738;342,162;-122,835
w : 33;247,234;342,103;-126,474
w : 34;247,013;342,019;-131,507
w : 35;248,003;341,989;-135,92
w : 36;248,776;341,857;-140,402
w : 37;248,06;341,842;-143,355
w : 38;246,701;341,717;-145,432
w : 39;244,398;341,6;-147,733
w : 40;240,83;341,6;-149,345
w : 41;234,76;341,6;-151,015
w : 42;183,432;341,661;-161,589
w : 43;180,231;341,661;-162,181
w : 44;178,088;341,661;-161,585
w : 45;177,006;341,635;-159,565
w : 46;179,118;341,642;-166,394
w : 47;180,123;341,642;-165,431
w : 48;240,818;341,6;-153,034
w : 49;244,41;341,6;-151,625
w : 50;247,228;341,6;-149,677
w : 51;249,534;341,6;-147,513
w : 52;251,099;341,831;-144,742
w : 53;252,21;341,851;-141,128
w : 54;251,9;341,872;-137,422
w : 55;251,054;341,964;-133,901
w : 56;250,387;342,09;-130,949
w : 57;250,612;342,072;-126,898
w : 58;251,84;342,196;-123,965
w : 59;258,488;342,097;-118,496
w : 60;189,239;341,647;-213,03
w : 71;220,174;341,743;-218,175
w : 72;217,035;341,743;-218,978
w : 74;286,85;341,9601;-127,875
w : 75;307,595;341,863;-136,442
w : 76;309,152;341,863;-137,65
w : 77;309,126;341,863;-139,763
w : 78;305,481;341,863;-148,164
w : 79;292,16;341,705;-177,695
w : 80;289,724;341,813;-184,316
w : 81;288,79;341,94;-189,555
w : 82;288,3;341,94;-196,325
w : 83;288,391;341,956;-201,716
w : 84;287,785;341,956;-203,743
w : 85;285,712;341,956;-204,313
w : 86;282,649;341,956;-204,318
w : 87;278,32;341,956;-204,965
w : 88;269,66;341,956;-206,705
w : 89;258,45;341,956;-209,235
w : 90;227,08;341,83;-216,703
w : 91;223,671;341,73;-217,493
w : 92;224,712;341,73;-216,542
w : 93;223,935;341,634;-215,117
w : 94;223,181;341,634;-212,404
w : 95;222,16;341,634;-210,017
w : 96;220,779;341,589;-207,521
w : 97;218,853;341,589;-205,613
w : 98;216,55;341,589;-204,225
w : 99;213,878;341,589;-203,525
w : 100;211,184;341,665;-203,543
w : 101;208,123;341,78;-204,175
w : 102;192,234;341,665;-207,579
w : 103;189,72;341,665;-208,108
w : 104;188,002;341,665;-207,273
w : 105;187,051;341,677;-205,282
w : 108;185,485;341,677;-213,49
w : 109;187,96;341,677;-224,201
w : 110;187,663;341,677;-225,572
w : 111;186,276;341,677;-226,355
w : 112;188,987;341,671;-225,814
w : 113;191,068;341,671;-227,7
w : 114;194,487;341,695;-228,032
w : 115;197,479;341,695;-227,277
w : 116;220,55;341,695;-221,835
w : 117;228,18;341,695;-220,075
w : 121;259,01;341,71;-212,745
w : 122;267,57;341,71;-210,825
w : 123;275,2;341,832;-209,185
w : 124;280,861;341,899;-208,134
w : 125;285,356;341,899;-207,81
w : 126;172,649;342,872;-113,455
w : 127;170,746;342,872;-111,57
w : 128;168,227;342,872;-110,684
w : 129;164,913;342,872;-110,861
w : 130;162,517;342,872;-112,394
w : 131;161,1;342,872;-114,845
w : 132;160,967;342,872;-118,554
w : 133;162,8;342,872;-121,445
w : 134;165,49;342,872;-123,258
w : 135;166,437;342,872;-124,171
w : 136;168,46;342,872;-136,465
w : 137;173,36;341,651;-158,341
w : 138;174,245;341,601;-162,538
w : 139;175,51;341,651;-164,278
w : 140;177,522;341,651;-165,327
w : 141;174,883;341,636;-165,525
w : 142;175,606;341,636;-168,861
w : 143;177,524;341,636;-163,446
w : 144;176,389;341,636;-164,802
w : 145;175,516;341,636;-167,257
w : 146;179,12;341,783;-185,405
w : 147;184,131;341,783;-207,533
w : 150;160,861;342,9;-112,715
w : 151;157,858;342,9;-111,076
w : 152;154,212;343,227;-108,833
w : 153;151,89;343,377;-108,315
w : 154;148,791;343,71;-108,198
w : 155;142,41;344,169;-108,335
w : 156;121,03;344,49;-110,605
w : 157;95,01;344,05;-114,415
w : 158;77,85;344,019;-118,045
w : 159;73,81;343,922;-118,875
w : 160;69,37;343,874;-119,995
w : 161;63,89;343,634;-120,925
w : 162;55,992;343,634;-121,649
w : 163;50,961;343,47;-122,163
w : 164;45,49001;343,143;-123,389
w : 165;39,45999;342,724;-125,425
w : 166;35,63;342,547;-127,205
w : 167;31,64;342,339;-129,075
w : 168;25,05;342,257;-132,365
w : 169;21,22;342,257;-133,665
w : 170;16,35001;342,257;-134,915
w : 171;12,37599;342,257;-135,844
w : 172;9,162003;342,257;-136,225
w : 173;2,679993;342,257;-135,635
w : 174;-2,962006;342,567;-134,814
w : 175;-10,603;343,877;-134,387
w : 176;-20,09;346,483;-133,905
w : 177;-26,491;346,483;-133,287
w : 178;-33,11;346,247;-132,445
w : 179;-41,77;346,02;-131,245
w : 180;-52,93001;345,473;-129,815
w : 181;-60,31;345,166;-127,823
w : 182;-69,56;344,494;-124,925
w : 183;-76,298;344,325;-122,816
w : 184;-89,00299;344,753;-118,708
w : 185;-95,80701;345,58;-116,368
w : 186;-102,51;346,656;-114,045
w : 187;-109,86;348,035;-111,475
w : 188;-123,672;350,38;-106,725
w : 189;-132,327;352,014;-104,232
w : 190;-139,996;352,883;-102,446
w : 191;-145,12;353,219;-101,695
w : 192;-150,591;353,219;-101,488
w : 193;-155,267;353,085;-101,648
w : 194;-160,603;352,569;-102,208
w : 195;-165,648;351,959;-103,403
w : 196;-170,996;351,106;-105,065
w : 197;-176,005;350,21;-107,555
w : 198;-180,125;349,531;-110,27
w : 199;-182,16;349,383;-111,971
w : 200;-183,438;349,14;-113,587
w : 201;-184,653;349,034;-115,601
w : 202;-184,76;348,903;-118,485
w : 203;-184,83;348,644;-121,125
w : 204;-185,66;348,8;-125,325
w : 205;-186,74;348,449;-128,615
w : 206;-188,352;348,231;-131,905
w : 207;-189,55;348,112;-134,915
w : 208;-190,902;347,877;-138,23
w : 209;-192,726;347,528;-141,241
w : 210;-195,049;347,221;-144,455
w : 211;-197,417;346,981;-147,665
w : 212;-199,755;346,652;-150,707
w : 213;-202,009;346,358;-154,457
w : 214;-204,146;345,893;-158,085
w : 215;-205,904;345,671;-160,404
w : 216;-208,602;345,496;-162,304
w : 217;-212,37;345,285;-163,355
w : 218;-215,78;345,099;-164,055
w : 219;-218,492;345,05;-165,302
w : 220;-222,778;344,786;-167,156
w : 221;-231,08;344,24;-170,375
w : 222;-235,48;344,085;-172,645
w : 223;-241,89;343,797;-176,945
w : 224;-261,94;343,175;-181,705
w : 225;-266,51;343,019;-181,475
w : 226;-271,83;342,974;-180,605
w : 227;-274,141;342,974;-180,838
w : 228;-305,68;341,203;-187,815
w : 229;-311,62;340,726;-188,855
w : 230;-318,96;340,45;-189,935
w : 231;-326,831;340,216;-190,762
w : 232;-334,2;340,02;-190,575
w : 233;-338,028;340,02;-190,268
w : 234;-342,077;340,02;-189,545
w : 235;-345,872;340,215;-188,22
w : 236;-350,48;340,54;-185,685
w : 237;-355,233;340,922;-182,216
w : 238;-360,191;341,544;-178,261
w : 239;-365,699;342,104;-174,029
w : 240;-370,177;342,578;-170,938
w : 241;-376,138;343,43;-168,069
w : 242;-382,243;343,723;-166,362
w : 243;-390,64;344,3;-164,885
w : 244;-406,86;345,38;-163,545
w : 245;-412,34;345,55;-164,065
w : 246;-420;346,25;-163,145
w : 247;-428,527;346,438;-161,762
w : 248;-435,295;346,809;-160,09
w : 249;-442,813;346;-157,363
w : 250;-450,254;345,17;-153,428
w : 251;-461,76;345,78;-146,755
w : 252;-472,02;347,22;-140,185
w : 253;-485,35;349,59;-130,905
w : 254;-493,7;350,42;-123,955
w : 255;-496,563;350,88;-120,687
w : 256;-499,756;350,692;-115,606
w : 257;-503,267;350,06;-110,231
w : 258;-506,29;349,81;-106,735
w : 259;-510,249;349,111;-102,279
w : 260;-512,7678;348,066;-99,116
w : 261;-514,348;347,475;-95,73001
w : 262;-515,25;346,674;-92,44499
w : 263;-515,5081;346,29;-89,75699
w : 264;-514,8469;345,493;-84,825
w : 265;-513,5811;344,832;-80,20499
w : 266;-511,092;343,743;-73,101
w : 267;-504,95;341,432;-57,355
w : 268;-503,214;340,617;-52,62
w : 269;-501,96;339,982;-47,92799
w : 270;-500,98;338,961;-42,96399
w : 271;-500,49;338,016;-38,00499
w : 272;-500,608;336,72;-33,09599
w : 273;-500,984;335,366;-28,09499
w : 274;-501,711;334,101;-21,80499
w : 275;-502,86;332,79;-15,868
w : 276;-504,445;331,467;-9,584991
w : 277;-506,301;330,38;-3,804993
w : 278;-509,318;329,2;2,515015
w : 279;-510,177;328,639;4,714005
w : 280;-510,453;327,782;6,661011
w : 281;-509,797;327,214;8,521011
w : 282;-507,817;325,761;10,42401
w : 283;-505,784;324,954;12,05901
w : 284;-502,738;323,896;12,95001
w : 285;-499,838;323,052;12,99501
w : 286;-497,612;322,373;12,65401
w : 287;-494,854;321,899;11,55901
w : 288;-490,409;321,169;9,069
w : 289;-476,93;319,73;-0,144989
w : 290;-468,42;319,19;-6,714996
w : 291;-462,48;318,28;-11,935
w : 292;-456,67;317,51;-17,905
w : 293;-450,28;316,58;-23,855
w : 294;-445,845;315,72;-27,83199
w : 295;-442,903;315,34;-29,855
w : 296;-439,077;314,76;-31,142
w : 297;-433,894;314,477;-32,047
w : 298;-426,1;313,95;-32,23
w : 299;-420,634;313,444;-31,78099
w : 300;-415,826;312,537;-30,67
w : 301;-410,601;311,364;-29,12999
w : 302;-405,86;309,484;-27,467
w : 303;-400,02;307,37;-24,61499
w : 304;-395,223;305,671;-21,69199
w : 305;-391,308;304,17;-18,73399
w : 306;-388,235;302,97;-15,741
w : 307;-384,486;301,588;-11,049
w : 308;-381,182;300,255;-6,146988
w : 309;-373,33;297,29;7,775009
w : 310;-365,74;293,48;22,99501
w : 311;-362,37;291,75;31,095
w : 312;-361,05;290,67;36,52499
w : 313;-360,69;289,78;42,13501
w : 314;-361,06;289,57;47,41501
w : 315;-363,35;289,39;55,035
w : 316;-366,56;289,07;60,51501
w : 317;-371,157;288,819;64,88
w : 318;-377,58;288,71;68,51501
w : 319;-384,341;288,49;71,92401
w : 320;-388,814;288,41;74,58301
w : 321;-391,69;288,742;76,99802
w : 322;-396,87;288,75;82,625
w : 323;-402,65;289,01;88,435
w : 324;-406,164;289;90,918
w : 325;-411,239;288,79;93,30801
w : 326;-417,712;288,51;95,746
w : 327;-422,64;288,397;98,315
w : 328;-427,973;288,24;101,667
w : 329;-434,12;288,16;106,265
w : 330;-439,62;288,41;111,075
w : 331;-442,72;288,341;115,065
w : 332;-445,07;288,78;120,105
w : 333;-446,62;289,46;126,775
w : 334;-446,98;289,59;131,585
w : 335;-447,04;289,59;137,935
w : 336;-446,376;289,639;139,797
w : 337;-444,685;289,639;140,569
w : 338;-429,92;289,58;140,115
w : 339;-419,61;289,25;140,605
w : 340;-407,84;288,88;142,675
w : 341;-395,78;288,68;145,845
w : 342;-384,53;288,2;149,535
w : 343;-373,84;287,69;153,335
w : 344;-360,71;286,39;158,855
w : 345;-344,04;284,18;166,175
w : 346;-335,59;283,42;169,915
w : 347;-320,19;282,28;176,145
w : 348;-306,71;281,68;181,285
w : 349;-293,87;281,41;185,975
w : 350;-284,11;281,32;189,315
w : 351;-268,94;281,72;193,505
w : 352;-253,06;283,46;195,695
w : 353;-240,64;284,85;196,675
w : 354;-228,55;285,24;197,855
w : 355;-216,359;284,754;199,943
w : 356;-204,88;283,85;202,325
w : 357;-190,18;282,65;205,365
w : 358;-177,03;281,15;208,125
w : 359;-161,52;279,47;210,755
w : 360;-150,1;278,65;212,025
w : 361;-137,58;278,15;212,785
w : 362;-126,16;278,03;212,535
w : 363;-114,052;278,31;211,75
w : 364;-102,23;278,38;210,395
w : 365;-84,17999;278,66;208,045
w : 366;-72,29999;278,59;206,305
w : 367;-55,58;278,48;203,165
w : 368;-22,3;278,09;196,505
w : 369;-4,619995;278,01;194,695
w : 370;8,089996;277,92;194,825
w : 371;18,91;278,03;196,015
w : 372;32,10001;278,24;197,825
w : 373;46,73;278,56;199,475
w : 374;60,19;279,07;201,185
w : 375;73,38;279,69;203,065
w : 376;86,31;280,32;204,345
w : 377;98,49;280,52;204,935
w : 378;111,87;280,5;204,815
w : 379;130,66;280,33;203,725
w : 380;163,12;279,22;199,945
w : 381;211,94;278,27;193,435
w : 382;284,25;276,33;182,875
w : 383;340,5;276,24;174,035
w : 384;380,79;279,05;165,865
w : 385;407,22;281,69;160,555
w : 386;435,81;284,84;156,545
w : 387;458,9;287,627;154,465
w : 388;481,14;291,3;153,295
w : 389;510,79;294,6;152,105
w : 390;535,16;294,75;151,295
w : 391;539,371;294,566;151,13
w : 392;541,273;294,566;150,651
w : 393;541,67;294,566;148,66
w : 394;541,327;294,566;146,444
w : 395;539,571;294,587;142,109
w : 396;537,094;294,546;137,409
w : 397;533,38;294,514;131,436
w : 398;530,657;294,417;126,559
w : 399;528,673;294,389;122,362
w : 400;527,145;294,223;116,972
w : 401;525,63;294,12;107,735
w : 402;522,73;294,26;95,88501
w : 403;519,9;294,16;84,30499
w : 404;518;294,5;73,51501
w : 405;517,811;295,013;65,24701
w : 406;518,786;295,693;60,33502
w : 407;522,08;297,55;51,88501
w : 408;525,32;298,758;45,27499
w : 409;526,736;299,685;41,21701
w : 410;528,54;301,6;32,85501
w : 411;529,338;303,009;27,02701
w : 412;528,48;305,81;15,095
w : 413;526,363;306,107;8,934006
w : 414;522,21;307,34;0,9250031
w : 415;517,53;307,34;-7,924988
w : 416;514,998;307,116;-13,28699
w : 417;512,498;307,202;-19,70599
w : 418;511,825;307,202;-23,049
w : 419;511,674;307,052;-27,87599
w : 420;511,739;307,052;-29,53799
w : 421;510,742;307,052;-30,99799
w : 422;509,242;307,052;-32,46899
w : 423;508,337;307,052;-34,34099
w : 424;508,245;307,052;-36,89499
w : 425;508,994;307,052;-39,34099
w : 426;510,638;307,052;-41,35999
w : 427;512,716;307,052;-42,48399
w : 428;513,685;307,052;-43,37299
w : 429;513,941;307,052;-44,756
w : 430;514,207;307,043;-48,12099
w : 431;513,88;307,303;-56,41499
w : 432;512,741;308,533;-62,66899
w : 433;511,163;309,079;-66,16899
w : 434;508,263;310,029;-70,46599
w : 435;504,32;311,28;-73,94499
w : 436;499,045;312,313;-76,44499
w : 437;490,67;312,96;-78,23499
w : 438;479,37;313,75;-78,97499
w : 439;470,44;314,677;-78,325
w : 440;461,79;315,54;-76,23499
w : 441;450,66;317,46;-71,85501
w : 442;441,066;318,99;-71,616
w : 443;434,27;320,12;-73,33499
w : 444;431,178;320,615;-75,21599
w : 445;428,249;321,445;-78,16299
w : 446;424,878;322,991;-82,903
w : 447;423,416;323,699;-85,892
w : 448;423,05;324,988;-90,75499
w : 449;424,19;326,318;-94,754
w : 450;427,301;327,674;-98,81999
w : 451;433,234;328,833;-102,831
w : 452;444,305;329,81;-106,693
w : 453;452,494;330,54;-109,892
w : 454;456,956;331,272;-113,01
w : 455;460,828;332,125;-118,287
w : 456;462,25;333,23;-124,475
w : 457;461,74;333,656;-127,571
w : 458;459,732;334,393;-132,739
w : 459;455,69;335,285;-139,015
w : 460;451,11;335,98;-143,955
w : 461;446,23;337,06;-148,305
w : 462;437,58;338,07;-153,555
w : 463;427,5;339,54;-159,385
w : 464;420,72;341,17;-165,065
w : 465;417,342;341,795;-169,974
w : 466;414,387;342,322;-175,387
w : 467;411,95;342,322;-180,983
w : 468;409,414;342,098;-186,35
w : 469;408,172;342,098;-187,376
w : 470;406,117;342,098;-187,451
w : 471;403,676;342,098;-188,339
w : 472;402,009;342,098;-189,069
w : 473;400,488;342,098;-188,314
w : 474;383,82;342,106;-180,235
w : 475;379,32;341,834;-177,935
w : 476;360,3;341,703;-169,175
w : 477;356,65;341,575;-166,855
w : 478;353,929;341,629;-164,287
w : 479;352,3;341,631;-159,165
w : 480;351,01;341,665;-156,185
w : 481;349,342;341,636;-153,05
w : 482;346,758;341,636;-150,501
w : 483;343,316;341,636;-148,25
w : 484;340,656;341,636;-146,811
w : 485;335,012;341,636;-144,199
w : 486;319,447;341,636;-137,7
w : 487;315,497;341,636;-136,019
w : 488;312,982;341,636;-136,285
w : 489;310,528;341,636;-137,745
w : 490;311,752;341,636;-134,564
w : 491;308,12;341,636;-133,122
w : 492;287,87;341,655;-124,485
w : 493;272,96;342,02;-118,515
w : 494;265,785;342,02;-116,111
w : 495;262,401;342,02;-114,985
w : 496;260,512;342,196;-114,084
w : 497;259,52;342,196;-109,675
w : 498;258,09;342,196;-105,505
w : 499;258,534;342,196;-114,567
w : 500;260,238;342,196;-116,568
w : 501;255,792;342,196;-101,403
w : 502;252,944;342,423;-97,30699
w : 503;251,051;342,308;-95,61899
w : 504;248,217;342,224;-93,92999
w : 505;244,703;342,144;-93,54799
w : 506;241,653;342,046;-93,50899
w : 507;237,992;341,841;-93,89699
w : 508;231,239;341,761;-95,04399
w : 509;221,06;341,55;-96,905
w : 510;186,4;342,29;-104,025
w : 511;182,56;342,67;-105,355
w : 512;178,57;342,87;-107,265
w : 513;176,012;342,839;-108,582
w : 514;172,894;342,839;-110,51
w : 515;170,652;342,814;-111,117
w : 516;287,23;341,896;-207,833
w : 517;289,346;341,896;-206,959
w : 518;290,957;341,896;-205,142
w : 519;291,648;341,896;-203,1
w : 520;291,729;341,896;-199,629
w : 521;292,011;341,896;-192,949
w : 522;292,495;341,896;-187,744
w : 523;293,691;341,896;-183,605
w : 524;295,73;341,896;-178,355
w : 525;299,16;341,896;-170,525
w : 526;309,697;341,74;-147,183
w : 527;312,165;341,74;-141,429
w : 528;312,627;341,74;-139,698
w : 529;312,714;341,74;-137,123
w : 530;313,68;341,74;-139,446
w : 531;315,333;341,74;-139,699
w : 532;319,86;341,74;-141,535
w : 533;330,89;341,63;-146,455
w : 534;341,839;341,562;-151,447
w : 535;344,371;341,562;-153,16
w : 536;346,396;341,562;-155,44
w : 537;348,32;341,562;-158,805
w : 538;349,172;341,562;-162,045
w : 539;350,521;341,562;-165,464
w : 540;352,6;341,562;-168,118
w : 541;354,584;341,562;-169,849
w : 542;357,941;341,562;-171,969
w : 543;380,564;341,94;-182,508
w : 544;393,02;341,926;-188,655
w : 545;399,22;341,926;-191,785
w : 546;400,545;341,986;-192,891
w : 547;400,895;341,986;-195,094
w : 548;401,86;341,986;-197,278
w : 549;403,763;341,986;-199,34
w : 550;406,314;341,997;-200,304
w : 551;409,126;342,066;-200,152
w : 552;411,357;342,068;-199,15
w : 553;412,967;342,084;-196,96
w : 554;413,773;342,084;-194,577
w : 555;413,434;342,193;-191,872
w : 556;412,348;342,193;-189,982
w : 557;412,505;342,193;-188,623
w : 558;413,399;342,193;-186,553
w : 559;410,366;342,193;-188,243
w : 560;401,459;342,193;-190,464
w : 561;167,996;342,764;-123,753
w : 562;18,79401;342,223;-134,955
w : 563;17,53999;342,223;-137,472
w : 564;17,47701;342,223;-140,848
w : 565;18,687;342,228;-145,028
w : 566;21,98;342,27;-157,425
w : 567;33,14999;341,806;-202,365
w : 568;35,399;341,671;-209,717
w : 569;37,28999;341,671;-212,805
w : 570;38,582;341,671;-216,219
w : 571;43,08;341,671;-230,485
w : 572;50,067;341,671;-254,507
w : 573;51,104;341,671;-258,198
w : 574;52,422;341,671;-260,09
w : 575;54,972;341,565;-261,402
w : 576;57,60699;341,565;-261,149
w : 577;62,78999;341,565;-259,785
w : 578;81,16;341,565;-254,855
w : 579;98,92;341,565;-250,575
w : 580;101,585;341,565;-249,924
w : 581;109,197;341,565;-248,171
w : 582;136,494;341,85;-241,773
w : 583;139,349;341,85;-241,023
w : 584;142,91;341,85;-240,085
w : 585;145,75;341,85;-239,375
w : 586;152,69;341,85;-237,775
w : 587;160,38;341,85;-236,095
w : 588;165,59;341,85;-234,935
w : 589;169,15;341,85;-234,16
w : 590;186,877;341,85;-230,001
w : 591;188,598;341,85;-228,86
w : 592;190,032;341,85;-226,445
w : 593;200,599;341,585;-276,314
w : 594;202,116;341,585;-282,483
w : 595;207,549;341,585;-305,312
w : 596;208,593;341,585;-309,441
w : 597;210,317;341,585;-316,626
w : 598;211,95;341,585;-322,985
w : 599;216;341,585;-339,245
w : 600;222,205;341,585;-364,74
w : 601;222,804;341,585;-367,559
w : 602;224,17;341,585;-370,025
w : 603;226,778;341,585;-371,541
w : 604;229,542;341,585;-371,552
w : 605;232,766;341,585;-371,028
w : 606;237,53;341,585;-370,225
w : 607;242,68;341,585;-369,305
w : 608;249,06;341,58;-368,265
w : 609;254,37;341,58;-367,205
w : 610;259,21;341,58;-365,621
w : 611;263,248;341,58;-363,782
w : 612;267,593;341,58;-361,285
w : 613;271,043;341,58;-359,289
w : 614;273,508;341,659;-358,323
w : 615;277,113;341,992;-357,777
w : 616;279,415;341,992;-358,193
w : 617;281,069;341,992;-359,727
w : 618;283,053;341,992;-361,171
w : 619;285,009;341,992;-361,658
w : 620;286,915;341,992;-361,421
w : 621;289,053;341,992;-360,473
w : 622;290,565;341,992;-359,085
w : 623;292,051;341,992;-356,909
w : 624;292,19;341,992;-354,595
w : 625;291,452;341,992;-352,093
w : 626;289,96;341,992;-350,338
w : 627;288,204;341,992;-349,317
w : 628;286,287;341,992;-348,907
w : 629;283,809;341,992;-348,974
w : 630;281,782;341,992;-350,052
w : 631;280,416;341,992;-351,509
w : 632;279,638;341,992;-353,691
w : 633;279,64;341,992;-355,796
w : 634;280,215;341,992;-357,94
w : 635;288,759;341,992;-362,115
w : 636;290,127;341,992;-363,421
w : 637;292,203;341,992;-365,005
w : 638;295,449;341,992;-366,516
w : 639;298,276;341,992;-367,344
w : 640;301,553;341,992;-368,084
w : 641;305,091;341,655;-368,925
w : 642;310,559;341,655;-370,269
w : 643;313,099;341,655;-371,289
w : 644;315,79;341,655;-372,649
w : 645;318,282;341,655;-373,105
w : 646;320,582;341,655;-372,142
w : 647;322,071;341,655;-370,461
w : 648;323,5;341,655;-367,502
w : 649;326,081;341,655;-362,26
w : 650;334,87;341,655;-343,945
w : 651;341,24;341,655;-331,705
w : 652;349,1;341,94;-318,005
w : 653;354,05;341,94;-308,975
w : 654;361,29;341,94;-293,235
w : 655;374,41;342,168;-265,315
w : 656;375,679;342,168;-262,57
w : 657;376,605;342,26;-260,776
w : 658;378,15;342,26;-260,625
w : 659;381,42;342,115;-262,258
w : 660;384,874;342,11;-264,175
w : 661;388,79;342,045;-265,995
w : 662;391,43;341,972;-266,752
w : 663;394,753;341,911;-267,357
w : 664;398,965;341,734;-267,645
w : 665;402,88;341,801;-267,685
w : 666;406,987;341,801;-267,373
w : 667;410,953;341,801;-266,461
w : 668;414,748;341,801;-264,95
w : 669;418,153;341,801;-262,646
w : 670;421,79;341,801;-259,535
w : 671;424,911;341,801;-256,008
w : 672;427,393;341,664;-252,442
w : 673;429,492;341,644;-248,613
w : 674;431,106;341,644;-244,873
w : 675;432,43;341,649;-240,362
w : 676;433,32;341,781;-235,175
w : 677;433,598;341,9;-229,691
w : 678;433,006;342,025;-225,148
w : 679;431,83;342,05;-219,875
w : 680;429,83;342,35;-215,035
w : 681;427,937;342,367;-211,166
w : 682;425,52;342,26;-206,905
w : 683;422,57;342,2;-202,655
w : 684;419,27;342,29;-199,045
w : 685;416,122;342,16;-196,453
w : 686;414,7;342,112;-194,665
w : 687;412,963;342,112;-198,993
w : 688;414,65;342,112;-199,893
w : 689;416,629;342,168;-201,492
w : 690;418,946;342,168;-203,885
w : 691;421,543;342,272;-207,298
w : 692;424,6;342,24;-212,555
w : 693;426,741;342,149;-216,898
w : 694;428,458;342,056;-221,676
w : 695;429,439;341,961;-225,495
w : 696;429,917;341,882;-229,88
w : 697;429,608;341,811;-235,365
w : 698;428,754;341,611;-240,243
w : 699;427,324;341,591;-244,418
w : 700;424,911;341,549;-249,437
w : 701;422,211;341,58;-253,31
w : 702;419,077;341,63;-256,829
w : 703;416,175;341,63;-259,55
w : 704;413,536;341,63;-261,355
w : 705;410,016;341,692;-262,847
w : 706;405,943;341,681;-263,696
w : 707;401,062;341,902;-263,985
w : 708;395,32;341,84;-263,525
w : 709;391,562;341,993;-262,976
w : 710;388,498;341,986;-261,765
w : 711;385,12;341,993;-260,032
w : 712;381,391;342,03;-258,149
w : 713;378,944;342,03;-256,969
w : 714;373,023;342,03;-254,303
w : 715;347,01;341,706;-242,185
w : 716;343,505;341,706;-240,624
w : 717;335,022;341,83;-236,869
w : 718;317,53;341,83;-228,715
w : 719;307,05;341,85;-223,565
w : 720;300,86;341,9;-220,305
w : 721;296,39;341,92;-217,385
w : 722;293,772;341,92;-215,333
w : 723;291,777;341,92;-214,084
w : 724;289,338;341,92;-213,843
w : 725;286,17;341,92;-214,587
w : 726;291,291;341,92;-212,101
w : 727;291,232;341,92;-208,209
w : 728;283,997;341,92;-215,42
w : 729;281,175;341,92;-216,326
w : 730;276,106;341,769;-217,03
w : 731;270,91;341,73;-217,665
w : 732;265,11;341,6;-218,845
w : 733;255,66;341,56;-221,055
w : 734;244,83;341,56;-223,785
w : 735;198,98;341,89;-234,445
w : 736;195,722;341,89;-235,298
w : 737;190,9;341,89;-236,575
w : 738;188,039;341,89;-237,366
w : 739;194,16;341,89;-234,295
w : 740;193,29;341,89;-231,095
w : 741;194,1;341,89;-237,295
w : 742;193,031;341,89;-239,08
w : 743;192,381;341,89;-242,34
w : 744;186,532;341,89;-237,691
w : 745;174,77;341,66;-240,305
w : 746;157,43;341,59;-244,245
w : 747;137,51;341,54;-248,525
w : 748;120,428;341,78;-252,561
w : 749;115,847;341,78;-253,686
w : 750;111,5;341,78;-254,675
w : 751;109,34;341,78;-255,175
w : 752;108,14;341,78;-254,435
w : 753;107,5;341,78;-252,355
w : 754;107,057;341,78;-249,867
w : 755;106,335;341,78;-247,107
w : 756;105,591;341,78;-244,122
w : 757;104,743;341,78;-240,767
w : 758;106,866;341,78;-244,686
w : 759;100,067;341,78;-246,686
w : 760;105,943;341,78;-248,309
w : 761;104,27;341,78;-247,179
w : 762;101,787;341,78;-246,719
w : 763;97,428;341,78;-247,188
w : 764;93,16;341,78;-248,196
w : 765;64,473;341,78;-255,502
w : 766;57,448;341,78;-257,445
w : 767;55,397;341,78;-257,918
w : 768;54,295;341,78;-257,146
w : 769;53,34799;341,78;-253,636
w : 770;46,78;341,78;-230,235
w : 771;42,06;341,672;-214,615
w : 772;40,42599;341,672;-210,559
w : 773;38,7;341,672;-208,115
w : 774;36,67999;341,9;-201,595
w : 775;27,34;342,09;-164,025
w : 776;23,36;342,39;-148,335
w : 777;21,81;342,39;-142,425
w : 778;20,935;342,39;-139,339
w : 779;19,741;342,39;-137,428
w : 780;17,832;342,39;-136,271
w : 781;15,13;342,39;-135,696
w : 782;21,18401;342,39;-137,536
w : 783;22,51599;342,39;-136,8
w : 784;25,569;342,39;-135,876
w : 785;30,194;342,317;-133,507
w : 786;35,093;342,49;-131,333
w : 787;40,198;342,751;-128,987
w : 788;44,968;343,065;-127,2
w : 789;49,61501;343,288;-126,101
w : 790;55,06;343,6;-125,305
w : 791;59,785;343,6;-124,862
w : 792;65,75;343,78;-124,125
w : 793;69,717;343,78;-123,471
w : 794;74,692;343,78;-122,443
w : 795;79,131;343,83;-121,461
w : 796;87,8;343,95;-119,525
w : 797;95,96;343,94;-118,125
w : 798;108,38;344,04;-116,155
w : 799;121,96;344,18;-114,295
w : 800;133;344,25;-112,975
w : 801;141,375;344,19;-112,059
w : 802;145,102;344,19;-111,799
w : 803;148,776;343,69;-111,831
w : 804;151,555;343,4;-111,871
w : 805;153,098;343,187;-112,301
w : 806;155,846;342,778;-113,959
w : 807;158,221;342,987;-115,429
w : 808;159,546;342,987;-116,297
w : 809;402,354;342,008;-199,834
w : 810;401,379;342,008;-202,104
w : 811;393,8;342,008;-216,895
w : 812;388,55;342,008;-226,815
w : 813;382,84;341,95;-238,165
w : 814;376,84;342,03;-250,915
w : 815;375,431;342,03;-253,765
w : 816;374,766;342,03;-256,278
w : 817;375,73;342,03;-258,548
w : 818;373,813;342,03;-258,57
w : 819;371,666;342,03;-262,832
w : 820;359,036;342,03;-289,116
w : 821;351,68;342,03;-305,635
w : 822;346,91;342,03;-314,785
w : 823;338,85;341,73;-328,755
w : 824;331,69;341,57;-342,055
w : 825;323,52;341,65;-359,215
w : 826;320,16;341,59;-366,115
w : 827;318,873;341,59;-368,317
w : 828;317,358;341,59;-369,268
w : 829;314,627;341,59;-368,116
w : 830;310,843;341,594;-366,544
w : 831;306,889;341,594;-365,424
w : 832;301,365;341,986;-364,186
w : 833;297,065;341,8;-362,989
w : 834;294,441;341,8;-361,867
w : 835;292,263;341,8;-360,254
w : 836;291,634;341,8;-358,656
w : 837;290,501;341,8;-350,395
w : 838;290,647;341,8;-348,53
w : 839;292,073;341,73;-345,292
w : 840;302,31;341,73;-323,325
w : 841;314;341,73;-299,035
w : 842;323,68;341,73;-278,125
w : 843;333,8;341,73;-257,505
w : 844;339;341,73;-246,805
w : 845;339,977;341,73;-244,679
w : 846;341,613;341,73;-243,816
w : 847;344,162;341,73;-244,693
w : 848;340,074;341,73;-243,07
w : 849;339,362;341,73;-240,836
w : 850;337,636;341,73;-238,8
w : 851;346,25;341,73;-245,685
w : 852;359,28;341,93;-251,855
w : 853;371,03;342,23;-257,415
w : 854;372,745;342,23;-258,895
w : 855;372,912;342,212;-260,25
w : 856;373,48;342,212;-257,79
w : 857;375,348;342,212;-257,68
w : 858;377,397;342,212;-256,773
w : 859;378,963;342,212;-255,195
w : 860;380,243;342,082;-252,232
w : 861;387,11;341,976;-237,795
w : 862;393,14;341,976;-226,045
w : 863;396,84;341,976;-218,785
w : 864;400,542;341,976;-211,461
w : 865;404,055;341,976;-204,472
w : 866;405,407;341,976;-202,018
w : 867;407,268;342,158;-200,605
w : 868;414,378;342,172;-184,7
w : 869;417,291;342,204;-178,023
w : 870;419,725;341,897;-172,96
w : 871;422,997;341,135;-168,218
w : 872;426,761;340,321;-164,657
w : 873;430,94;339,37;-161,625
w : 874;436,75;338,45;-158,245
w : 875;443,52;337,51;-154,345
w : 876;448,91;336,83;-150,955
w : 877;453,37;336,18;-147,125
w : 878;457,25;335,55;-142,775
w : 879;460,42;335,06;-138,445
w : 880;463,05;334,46;-134,225
w : 881;464,56;334,19;-130,655
w : 882;465,3;333,65;-126,715
w : 883;465,39;332,9;-122,515
w : 884;464,664;332,419;-118,603
w : 885;463,148;331,978;-115,02
w : 886;460,64;331,52;-111,845
w : 887;457,18;330,95;-108,565
w : 888;454,25;330,55;-106,735
w : 889;450,85;330,3;-105,175
w : 890;445,19;329,75;-103,235
w : 891;438,56;329,14;-100,865
w : 892;433,533;328,58;-98,7
w : 893;430,058;327,705;-96,351
w : 894;428,035;326,948;-94,29599
w : 895;426,867;326,085;-92,54099
w : 896;426,315;325,155;-90,49399
w : 897;426,511;324,051;-88,088
w : 898;427,494;323,307;-85,67599
w : 899;428,925;322,315;-83,30899
w : 900;430,767;321,66;-80,71599
w : 901;432,894;320,912;-78,55298
w : 902;435,033;320,221;-76,92299
w : 903;437,548;319,438;-75,92401
w : 904;440,86;318,874;-75,31799
w : 905;444,684;318,137;-75,23199
w : 906;447,871;317,666;-75,474
w : 907;451,616;317,06;-76,23001
w : 908;455,695;316,402;-77,70299
w : 909;460,039;315,857;-79,40399
w : 910;464,771;315,016;-80,75299
w : 911;470,139;314,523;-81,823
w : 912;475,017;314,121;-82,39499
w : 913;481,172;313,641;-82,53899
w : 914;488,077;313,072;-81,98199
w : 915;493,691;312,727;-81,46399
w : 916;497,72;312,351;-80,46899
w : 917;501,1;312,008;-79,43799
w : 918;504,705;311,557;-77,78999
w : 919;507,659;310,925;-75,903
w : 920;509,986;310,379;-73,89
w : 921;512,519;309,641;-70,944
w : 922;514,648;309,042;-67,50699
w : 923;515,883;308,491;-64,49799
w : 924;516,922;307,733;-59,91499
w : 925;517,593;307,275;-55,87199
w : 926;517,92;307,128;-51,12099
w : 927;517,85;307,14;-46,59499
w : 928;517,533;307,122;-43,73599
w : 929;518,092;307,122;-42,15199
w : 930;519,309;307,245;-40,808
w : 931;520,653;307,279;-38,743
w : 932;521,13;307,279;-36,04799
w : 933;520,595;307,279;-33,739
w : 934;519,31;307,279;-31,75499
w : 935;517,03;307,279;-30,185
w : 936;514,631;307,279;-29,81699
w : 937;512,92;307,279;-30,05499
w : 938;515,64;307,279;-42,89499
w : 939;197,476;341,928;-238,387
w : 940;202,225;341,686;-237,307
w : 941;245,38;341,686;-227,395
w : 942;255,195;341,686;-225,02
w : 943;266,171;341,686;-222,287
w : 944;271,46;341,686;-221,235
w : 945;277,458;341,686;-220,58
w : 946;282,235;342,006;-219,629
w : 947;285,639;341,924;-218,41
w : 948;288,781;341,924;-217,207
w : 949;290,599;341,924;-217,202
w : 950;293,052;341,924;-219,167
w : 951;296,55;341,924;-222,095
w : 952;299,727;341,924;-223,859
w : 953;305,75;341,924;-227,075
w : 954;316,08;341,924;-232,055
w : 955;333,78;341,924;-240,145
w : 956;336,017;341,924;-241,205
w : 957;336,888;341,924;-242,422
w : 958;336,755;341,924;-243,725
w : 959;330,94;341,924;-255,555
w : 960;321,1;341,924;-275,245
w : 961;310,58;341,924;-297,875
w : 962;299,07;341,924;-321,695
w : 963;288,55;341,924;-344,175
w : 964;287,25;341,924;-347,125
w : 965;286,015;341,924;-348,471
w : 966;341,744;341,924;-240,771
w : 967;339,369;341,924;-241,516
w : 968;103,705;341,924;-248,515
w : 969;105,107;341,924;-246,453
w : 970;103,119;341,924;-250,562
w : 971;103,848;341,924;-251,767
w : 972;107,24;341,924;-266,325
w : 973;113,27;341,924;-291,935
w : 974;120,5;341,924;-321,265
w : 975;122,19;341,924;-328,335
w : 976;122,78;341,924;-331,145
w : 977;123,73;341,924;-332,945
w : 978;125,79;341,924;-334,035
w : 979;128,84;341,924;-334,495
w : 980;130,95;341,924;-334,345
w : 981;141,13;341,924;-331,865
w : 982;200,76;341,924;-317,145
w : 983;207,083;341,924;-315,662
w : 984;208,864;341,924;-316,022
w : 985;210,486;341,924;-314,703
w : 986;211,878;341,924;-313,277
w : 987;212,66;341,924;-311,196
w : 988;210,62;341,924;-302,325
w : 989;208,5;341,924;-293,175
w : 990;205,04;341,924;-278,575
w : 991;204,35;341,924;-275,535
w : 992;202,36;341,924;-267,475
w : 993;198,07;341,924;-250,475
w : 994;195,933;341,924;-241,801
w : 995;196,13;341,924;-239,934
w : 996;195,191;341,924;-239,605
w : 997;193,615;341,924;-238,131
w : 998;204,878;341,924;-273,834
w : 999;206,238;341,924;-272,797
w : 1000;219,23;341,924;-270,395
w : 1001;228,27;341,924;-268,575
w : 1002;231,731;341,924;-267,492
w : 1003;235,48;341,924;-265,365
w : 1004;242,27;341,924;-260,255
w : 1005;245,98;341,924;-256,885
w : 1006;247,24;341,924;-254,995
w : 1007;254,15;341,924;-239,915
w : 1008;254,83;341,924;-236,745
w : 1009;254,8;341,924;-234,585
w : 1010;254,29;341,924;-232,105
w : 1011;253,09;341,924;-228,015
w : 1012;253,498;341,924;-226,055
w : 1013;252,111;341,924;-226,539
w : 1014;250,744;341,924;-225,205
w : 1015;248,063;341,924;-224,196
w : 1016;250,58;341,924;-222,635
w : 1017;249,59;341,924;-224,215
w : 1018;249,187;341,924;-226,356
w : 1019;249,899;341,924;-229,995
w : 1020;250,86;341,924;-233,585
w : 1021;251,144;341,924;-235,503
w : 1022;250,696;341,924;-237,644
w : 1023;249,616;341,924;-240,706
w : 1024;244,82;341,924;-251,395
w : 1025;243,85;341,924;-253,165
w : 1026;242,31;341,924;-255,175
w : 1027;233,49;341,924;-262,135
w : 1028;230,53;341,924;-263,835
w : 1029;227,38;341,924;-264,805
w : 1030;205,238;341,924;-269,381
w : 1031;203,741;341,924;-269,218
w : 1032;203,455;341,924;-270,105
w : 1033;202,264;341,924;-271,951
w : 1034;200,645;341,924;-271,007
w : 1035;203,035;341,924;-272,447
w : 1036;279,468;341,924;-352,879
w : 1037;278,404;341,924;-353,779
w : 1038;277,293;341,924;-354,038
w : 1039;274,546;341,924;-354,151
w : 1040;271,835;341,924;-354,859
w : 1041;268,427;341,924;-356,574
w : 1042;261,48;341,924;-360,445
w : 1043;258,5;341,924;-361,955
w : 1044;253,95;341,924;-363,405
w : 1045;247,93;341,924;-364,675
w : 1046;230,757;341,924;-367,714
w : 1047;228,12;341,924;-368,19
w : 1048;226,487;341,924;-367,779
w : 1049;225,811;341,924;-365,765
w : 1050;224,355;341,553;-358,676
w : 1051;218,105;341,924;-332,736
w : 1052;214,509;341,833;-318,57
w : 1053;101,26;341,833;-226,355
w : 1054;95,43;341,833;-203,235
w : 1055;88,71;341,833;-177,495
w : 1056;86,55;341,833;-168,985
w : 1057;81,93;342,21;-149,515
w : 1058;80,781;342,101;-144,245
w : 1059;79,419;343,09;-138,022
w : 1060;78,36;344,003;-132,935
w : 1061;76,56;343,86;-125,215
w : 1062;76,959;343,86;-123,062
w : 1064;74,72;343,86;-122,025
w : 1065;71,67;343,86;-120,135
w : 1066;75,503;343,86;-118,652
w : 1067;73,626;343,86;-120,724
w : 1068;72,756;343,86;-123,565
w : 1069;73,379;343,874;-126,591
w : 1070;75,079;343,81;-134,002
w : 1071;75,791;343,39;-138,408
w : 1072;77,06;341,98;-144,155
w : 1073;78,48;341,96;-150,555
w : 1074;83,31;341,96;-171,545
w : 1075;88,07;341,96;-189,565
w : 1076;91,8;341,96;-204,095
w : 1077;97,771;341,96;-227,521
w : 1078;101,056;341,96;-241,453
w : 1079;101,829;341,96;-244,657
w : 1080;101,257;341,96;-245,934
w : 1081;102,855;341,96;-246,252
w : 1082;104,76;341,96;-247,495
w : 1083;106,81;341,96;-248,065
w : 1084;52,73;341,96;-264,229
w : 1085;57,08;341,96;-281,355
w : 1086;68,63;341,96;-327,555
w : 1087;73,64;341,96;-347,865
w : 1088;74,86;341,96;-351,655
w : 1089;76,95;341,96;-355,415
w : 1090;79,55;341,96;-358,345
w : 1091;82,59;341,96;-360,415
w : 1092;86,156;341,96;-361,276
w : 1093;90,22;341,96;-361,575
w : 1094;95,99;341,96;-361,145
w : 1095;100,52;341,96;-360,305
w : 1096;123,943;341,96;-354,511
w : 1097;126,423;341,96;-353,904
w : 1098;128,186;341,96;-352,927
w : 1099;129,869;341,96;-351,083
w : 1100;130,494;341,96;-349,244
w : 1101;130,32;341,96;-347,025
w : 1102;128,28;341,96;-337,725
w : 1103;128,815;341,96;-335,765
w : 1104;126,23;341,96;-329,665
w : 1105;121,06;341,96;-308,445
w : 1106;116,71;341,96;-290,965
w : 1107;110,46;341,96;-264,925
w : 1108;109,59;341,96;-260,995
w : 1109;110,127;341,96;-259,238
w : 1110;112,19;341,96;-258,265
w : 1111;122,64;341,96;-255,935
w : 1112;189,422;341,96;-240,572
w : 1113;191,425;341,96;-240,814
w : 1114;124,103;341,96;-336,546
w : 1115;126,537;341,96;-346,259
w : 1116;127,055;341,96;-348,797
w : 1117;126,255;341,96;-349,995
w : 1118;120,896;341,96;-351,581
w : 1119;101,27;341,96;-356,385
w : 1120;95,436;341,96;-357,328
w : 1121;90,831;341,96;-357,89
w : 1122;87,02299;341,96;-357,744
w : 1123;84,27299;341,96;-356,88
w : 1124;82,19;341,96;-355,503
w : 1125;79,902;341,96;-352,718
w : 1126;78,299;341,96;-349,871
w : 1127;76,843;341,96;-345,939
w : 1128;65,09;341,96;-297,765
w : 1129;56,95399;341,96;-265,872
w : 1130;56,48;341,96;-262,915
w : 1131;128,233;341,96;-354,301
w : 1132;128,676;341,96;-355,999
w : 1133;129,918;341,96;-360,457
w : 1134;131,204;341,96;-363,584
w : 1135;134,179;341,96;-372,266
w : 1136;135,79;341,96;-375,425
w : 1137;138,12;341,96;-378,085
w : 1138;141,59;341,96;-380,335
w : 1139;145,33;341,96;-381,735
w : 1140;150,08;341,96;-383,045
w : 1141;155,36;341,96;-383,925
w : 1142;159,65;341,96;-384,215
w : 1143;164,71;341,96;-383,925
w : 1144;170,51;341,96;-383,255
w : 1145;184,75;341,96;-380,635
w : 1146;200,53;341,96;-377,595
w : 1147;219,8;341,96;-373,765
w : 1148;223,222;341,96;-372,73
w : 1149;225,464;341,96;-371,163
w : 1150;225,878;341,96;-368,499
w : 1151;222,39;341,96;-369,025
w : 1152;220,542;341,96;-369,952
w : 1153;212,153;341,96;-371,746
w : 1154;198,36;341,96;-374,535
w : 1155;178,95;341,96;-377,955
w : 1156;167,16;341,96;-380,005
w : 1157;161,39;341,96;-380,455
w : 1158;154,95;341,96;-380,195
w : 1159;149,76;341,96;-379,215
w : 1160;144,84;341,96;-377,755
w : 1161;141,292;341,96;-375,991
w : 1162;139,154;341,96;-373,526
w : 1163;137,582;341,96;-370,93
w : 1164;135,961;341,96;-366,297
w : 1165;133,42;341,96;-359,445
w : 1166;131,97;341,96;-354,185
w : 1167;130,51;341,96;-352,225
w : 1168;127,769;341,96;-351,06
w : 1169;124,17;341,96;-350,955
